"","realistic_accurate"
"950923",1
