"","tournament_competition"
"618628",1
